9E,2013,1	292.59454,273.92,23564
9E,2013,10	285.8189,266.56,48389
9E,2013,5	283.4536,264.96,74032
9E,2013,9	281.87042,263.12,97225
AA,2013,1	349.9086,300.33,141972
AA,2013,10	382.15698,329.46,187089
AA,2013,5	403.72726,352.8,232501
AA,2013,9	416.44406,368.5,275445
AA,2014,11	428.9039,382.5,317886
AA,2014,4	438.75717,394.0,361276
AA,2014,8	446.0908,403.0,407195
AS,2013,12	438.83463,395.85,419702
AS,2013,3	431.8146,388.75,432367
AS,2013,7	423.80347,380.8,447080
AS,2014,2	418.61407,375.25,458367
AS,2014,6	412.2511,368.4,472519
AS,2015,1	407.28412,362.7,485732
B6,2013,1	410.74432,367.2,504965
B6,2013,10	413.4758,369.75,524334
B6,2013,5	416.48532,372.75,544553
B6,2013,9	418.71603,375.0,563085
B6,2014,11	421.61127,378.0,583104
B6,2014,4	424.72864,381.92,604038
B6,2014,8	427.52063,384.42,626338
DL,2013,1	440.18936,395.2,683204
DL,2013,10	449.75558,401.98,748319
DL,2013,5	458.56186,408.26,811997
DL,2013,9	465.0231,412.615,873770
DL,2014,11	471.47534,416.56,940409
DL,2014,4	477.76202,420.82,1005623
DL,2014,8	484.41324,425.5,1077894
EV,2013,2	475.06705,415.09,1131600
EV,2013,6	464.78857,403.2,1197005
EV,2014,1	457.18726,395.16,1255165
EV,2014,10	450.28384,387.6,1311309
EV,2014,5	443.96692,380.9,1370348
EV,2014,9	438.1471,375.06,1424826
F9,2013,11	436.96384,373.92,1431151
F9,2013,4	435.7724,372.75,1437027
F9,2013,8	434.40344,371.48,1443941
F9,2014,12	432.82462,370.0,1451732
F9,2014,3	431.52777,368.9,1457766
F9,2014,7	429.86078,367.36,1465787
FL,2013,12	429.21014,366.86,1477475
FL,2013,3	428.42007,366.52,1494317
FL,2013,7	427.73807,366.08,1510538
FL,2014,2	427.37277,365.85,1518753
FL,2014,6	427.11694,365.76,1525647
HA,2013,2	426.57352,365.15,1531072
HA,2013,6	425.9299,364.42,1537388
HA,2014,1	425.3759,363.75,1543396
HA,2014,10	424.80307,362.97,1549719
HA,2014,5	424.2544,362.26,1555937
HA,2014,9	423.74567,361.62,1562108
MQ,2013,1	420.76227,358.72,1599607
MQ,2013,10	417.64948,355.5,1636377
MQ,2013,5	414.70724,352.8,1674426
MQ,2013,9	411.8399,350.14,1709802
MQ,2014,11	409.6313,348.0,1738685
MQ,2014,4	407.47836,345.68,1772393
MQ,2014,8	405.10397,343.5,1805280
OO,2013,1	401.48666,340.13,1856640
OO,2013,10	398.26038,336.96,1907616
OO,2013,5	394.76987,333.71,1961240
OO,2013,9	391.88483,331.0,2010599
OO,2014,11	390.10443,328.9,2057819
OO,2014,4	387.22467,326.63,2108383
OO,2014,8	384.66846,324.45,2163466
UA,2013,1	394.5856,328.65,2203780
UA,2013,10	404.9475,333.0,2246956
UA,2013,5	415.25418,337.56,2289843
UA,2013,9	424.43942,341.7,2330400
UA,2014,11	433.41043,345.79,2370144
UA,2014,4	442.30017,350.0,2409544
UA,2014,8	451.60284,354.6,2452225
US,2013,12	453.16742,356.4,2486274
US,2013,3	454.63345,358.05,2522430
US,2013,7	456.09866,359.7,2558228
US,2014,2	457.66837,361.2,2589767
US,2014,6	459.44034,362.94,2624648
US,2015,1	461.3029,364.8,2658072
VX,2013,12	461.56323,364.9,2663076
VX,2013,3	461.87424,365.04,2667375
VX,2013,7	462.2079,365.2,2672690
VX,2014,2	462.4765,365.33,2676910
VX,2014,6	462.8765,365.49,2681860
VX,2015,1	463.27493,365.7,2686586
WN,2013,11	452.84158,356.43,2775671
WN,2013,4	441.97488,347.06,2872575
WN,2013,8	431.88266,338.1,2968737
WN,2014,12	422.7513,329.4,3069227
WN,2014,3	413.68433,320.96,3170351
WN,2014,7	405.3463,312.55,3275371
YV,2013,2	404.47867,312.28,3285046
YV,2013,6	403.92752,311.88,3297157
9E,2013,11	283.56253,261.96,22426
9E,2013,2	287.96616,267.81,43653
9E,2013,6	284.4744,265.08,69602
AA,2013,11	362.07474,311.1,112702
AA,2013,2	397.63385,345.6,153403
AA,2013,6	418.37912,370.7,198382
AA,2014,1	436.05185,391.0,243659
AA,2014,12	448.66858,406.0,288947
AA,2014,5	456.54092,415.8,334328
AA,2014,9	461.25952,421.2,377494
AS,2013,4	452.65823,413.1,390050
AS,2013,8	443.17276,403.65,404563
AS,2014,10	435.66882,396.0,417929
AS,2014,3	429.10864,389.15,430836
AS,2014,7	421.56625,381.0,445803
B6,2013,11	424.6561,384.75,465357
B6,2013,2	427.328,388.05,483081
B6,2013,6	430.14597,390.6,503642
B6,2014,1	433.40384,394.44,523770
B6,2014,12	436.6053,398.2,545672
B6,2014,5	439.11557,400.5,566760
B6,2014,9	440.70294,401.8,585794
DL,2013,11	451.25598,408.9,646746
DL,2013,2	461.11246,416.05,699361
DL,2013,6	470.10382,421.8,765092
DL,2014,1	478.4639,427.5,823836
DL,2014,12	486.45084,432.5,890036
DL,2014,5	491.86923,435.55,957600
DL,2014,9	495.90967,437.4,1024177
EV,2013,10	483.68475,424.0,1087533
EV,2013,3	472.63324,411.75,1152742
EV,2013,7	462.55753,400.5,1219064
EV,2014,11	456.16055,393.46,1270305
EV,2014,2	449.90524,387.0,1323400
EV,2014,6	443.57425,380.1,1382212
EV,2015,1	438.66388,375.2,1431801
F9,2013,1	437.6544,374.08,1437599
F9,2013,12	436.35364,372.9,1444100
F9,2013,5	435.023,371.7,1450671
F9,2013,9	433.67365,370.5,1457168
F9,2014,4	432.40652,369.46,1463134
F9,2014,8	430.75055,367.84,1471160
FL,2013,4	429.9903,367.38,1487032
FL,2013,8	429.34387,367.0,1501793
FL,2014,10	429.0535,366.72,1506453
FL,2014,3	428.682,366.52,1515755
FL,2014,7	428.41727,366.3,1522722
HA,2013,10	427.79193,365.66,1528704
HA,2013,3	427.18835,364.98,1534698
HA,2013,7	426.5266,364.21,1541341
HA,2014,11	425.99597,363.6,1547472
HA,2014,2	425.50473,362.92,1552886
HA,2014,6	424.94305,362.25,1559279
HA,2015,1	424.47626,361.58,1565713
MQ,2013,11	421.5538,358.6,1599363
MQ,2013,2	418.95612,356.2,1632826
MQ,2013,6	416.01953,353.28,1670258
MQ,2014,1	413.52216,351.08,1704465
MQ,2014,12	411.19766,348.8,1734563
MQ,2014,5	408.79883,346.32,1769132
MQ,2014,9	406.50626,344.24,1799990
NK,2015,1	406.8782,344.89,1808720
OO,2013,11	403.70428,341.94,1856114
OO,2013,2	400.61093,338.8,1903588
OO,2013,6	397.01593,335.38,1957671
OO,2014,1	394.36386,333.0,2007704
OO,2014,12	392.58667,331.2,2056667
OO,2014,5	389.54858,328.65,2108422
OO,2014,9	387.24808,326.6,2157315
UA,2013,11	397.38242,330.88,2197905
UA,2013,2	406.29987,334.88,2235951
UA,2013,6	417.0584,339.39,2279311
UA,2014,1	426.36926,343.44,2318465
UA,2014,12	435.95197,347.9,2358837
UA,2014,5	445.3772,352.42,2401026
UA,2014,9	453.74814,356.58,2441153
US,2013,4	455.08545,358.15,2475521
US,2013,8	456.4574,359.8,2510807
US,2014,10	457.7484,361.25,2546382
US,2014,3	459.61917,363.15,2582783
US,2014,7	461.39075,364.98,2618690
VX,2013,4	461.81784,365.12,2623239
VX,2013,8	462.09848,365.24,2628439
VX,2014,10	462.42444,365.4,2633158
VX,2014,3	462.72333,365.42,2637859
VX,2014,7	463.14246,365.7,2642934
WN,2013,1	452.4431,356.4,2731602
WN,2013,12	441.85815,347.13,2826028
WN,2013,5	431.5911,337.9,2924396
WN,2013,9	422.62094,329.63,3014022
WN,2014,4	413.85303,321.2,3112840
WN,2014,8	405.35645,313.04,3211830
YV,2013,10	404.79178,312.5,3224049
YV,2013,3	404.34552,312.09,3235415
YV,2013,7	403.78506,311.65,3248561
9E,2013,12	289.78287,269.39,22181
9E,2013,3	287.08813,268.14,49142
9E,2013,7	284.47333,266.0,75854
AA,2013,12	365.96204,312.8,121497
AA,2013,3	401.67267,347.7,166994
AA,2013,7	420.72165,372.4,213893
AA,2014,2	435.6902,390.0,254809
AA,2014,6	445.87848,402.5,300352
AA,2015,1	456.64398,414.45,344323
AS,2013,1	448.0442,406.3,356303
AS,2013,10	439.19122,397.5,368909
AS,2013,5	430.7745,388.8,381952
AS,2013,9	422.99442,380.65,394559
AS,2014,11	416.3214,372.96,407590
AS,2014,4	410.1776,365.85,420232
AS,2014,8	402.96725,357.28998,435326
B6,2013,12	407.43283,363.0,456485
B6,2013,3	411.32654,368.3,477291
B6,2013,7	414.79306,372.0,499350
B6,2014,2	418.3099,376.26,517750
B6,2014,6	421.797,379.68,538910
B6,2015,1	425.71292,384.0,560489
DL,2013,12	440.13373,395.64,620838
DL,2013,3	453.14453,406.06,684469
DL,2013,7	463.66428,413.47,753075
DL,2014,2	471.60248,419.2,806901
DL,2014,6	479.52994,424.35,875931
DL,2015,1	487.65717,430.22,940013
EV,2013,11	476.20358,417.24,998376
EV,2013,4	464.833,404.2,1062177
EV,2013,8	454.3774,392.15,1127808
EV,2014,12	447.81882,385.0,1179574
EV,2014,3	440.3601,377.0,1241256
EV,2014,7	433.73456,369.9,1301948
F9,2013,2	432.74393,368.75,1307204
F9,2013,6	431.27576,367.4,1313760
F9,2014,1	429.95862,366.27,1319491
F9,2014,10	428.09702,364.56,1327689
F9,2014,5	426.4545,363.0,1334954
F9,2014,9	424.67673,361.53,1342802
FL,2013,1	423.94525,361.13,1358097
FL,2013,10	423.28735,360.58,1371230
FL,2013,5	422.60593,360.36,1386977
FL,2013,9	422.06134,359.7,1399481
FL,2014,11	421.863,359.6,1403431
FL,2014,4	421.5732,359.47,1411629
FL,2014,8	421.40433,359.19,1417924
HA,2013,11	420.85562,358.61,1423758
HA,2013,4	420.24887,357.87,1429541
HA,2013,8	419.5808,357.12,1435943
HA,2014,12	419.01733,356.4,1442358
HA,2014,3	418.37915,355.6,1448428
HA,2014,7	417.78162,354.96,1455228
MQ,2013,12	414.95255,352.24,1489247
MQ,2013,3	412.07217,349.65,1525954
MQ,2013,7	408.9124,346.62,1564794
MQ,2014,2	406.8194,344.86,1595555
MQ,2014,6	404.29294,342.35,1628680
MQ,2015,1	402.0499,340.48,1658315
OO,2013,12	398.66666,337.35,1707809
OO,2013,3	394.8498,333.6,1763166
OO,2013,7	391.44537,330.05,1818975
OO,2014,2	388.78864,327.86,1864158
OO,2014,6	386.01727,325.38,1917032
OO,2015,1	384.0048,323.79,1964769
UA,2013,12	396.07944,328.56,2006098
UA,2013,3	407.6256,333.6,2050040
UA,2013,7	419.68604,338.85,2094624
UA,2014,2	428.74948,343.0,2130915
UA,2014,6	439.69382,348.0,2173604
UA,2015,1	448.75137,352.5,2211928
US,2013,1	450.3632,354.33,2245398
US,2013,10	451.8214,356.16,2280605
US,2013,5	453.42868,357.75,2315942
US,2013,9	454.76898,359.1,2348420
US,2014,11	456.4074,360.96,2381559
US,2014,4	458.3387,362.73,2416115
US,2014,8	460.3361,364.5,2450921
VX,2013,1	460.66083,364.56,2455149
VX,2013,10	460.97202,364.72,2460080
VX,2013,5	461.26495,364.87,2465199
VX,2013,9	461.49146,365.0,2469951
VX,2014,11	461.80637,365.19,2474668
VX,2014,4	462.1377,365.31,2479519
VX,2014,8	462.5272,365.49,2484407
WN,2013,2	451.97757,356.4,2567066
WN,2013,6	440.14954,346.32,2663983
WN,2014,1	430.5079,337.46,2754797
WN,2014,10	420.45032,328.1,2853839
WN,2014,5	410.94113,319.2,2954020
WN,2014,9	402.919,311.06,3048395
YV,2013,11	402.61697,310.62,3060014
YV,2013,4	402.1445,310.2,3071226
YV,2013,8	401.56787,309.7,3084185
9E,2013,4	282.19122,265.24,26047
9E,2013,8	281.0325,263.25,53063
AA,2013,4	376.2601,322.3,97191
AA,2013,8	412.37924,362.9,143892
AA,2014,10	432.93124,387.45,188882
AA,2014,3	448.19592,406.0,235023
AA,2014,7	457.5082,416.4,282202
AS,2013,11	446.75558,406.4,294509
AS,2013,2	437.9685,398.04,305393
AS,2013,6	427.1103,386.75,319354
AS,2014,1	419.25757,378.0,331667
AS,2014,12	411.23978,368.9,345220
AS,2014,5	403.7065,360.0,358417
AS,2014,9	396.62192,351.45,371677
B6,2013,4	401.8525,358.05,391660
B6,2013,8	406.57693,362.97,413607
B6,2014,10	410.67477,367.2,433685
B6,2014,3	415.37082,372.9,455125
B6,2014,7	419.41766,377.15,477637
DL,2013,4	436.87994,392.0,539611
DL,2013,8	451.4344,403.0,608482
DL,2014,10	462.32498,410.4,678792
DL,2014,3	472.5276,417.45,745566
DL,2014,7	481.92764,424.0,817651
EV,2013,1	469.1474,409.34,875039
EV,2013,12	458.21268,396.9,933279
EV,2013,5	447.08252,384.2,997455
EV,2013,9	437.6599,373.92,1058271
EV,2014,4	430.57822,366.52,1115456
EV,2014,8	423.9351,359.8,1174104
F9,2013,10	422.4058,358.4,1180608
F9,2013,3	421.04816,357.0,1186497
F9,2013,7	419.42715,355.35,1193298
F9,2014,11	417.55176,353.76,1201020
F9,2014,2	416.32098,352.63,1206205
F9,2014,6	414.5462,351.0,1213738
F9,2015,1	412.97137,349.6,1220562
FL,2013,11	412.43298,349.32,1232229
FL,2013,2	411.8978,349.2,1246275
FL,2013,6	411.28845,349.02,1261955
FL,2014,1	410.96725,348.84,1271317
FL,2014,12	410.85492,348.75,1274255
FL,2014,5	410.61475,348.7,1281949
FL,2014,9	410.46765,348.6,1286801
HA,2013,1	409.76437,347.82,1292780
HA,2013,12	409.12173,347.1,1298808
HA,2013,5	408.44757,346.32,1304830
HA,2013,9	407.8147,345.6,1310658
HA,2014,4	407.19995,344.72,1316561
HA,2014,8	406.6249,343.98,1323364
MQ,2013,4	403.40417,341.01,1360403
MQ,2013,8	400.0991,338.0,1398812
MQ,2014,10	397.45227,335.35,1430432
MQ,2014,3	394.80515,333.2,1464833
MQ,2014,7	392.22675,331.1,1498497
OO,2013,4	388.29593,327.25,1551315
OO,2013,8	384.52887,323.68,1606415
OO,2014,10	381.6412,321.16,1657221
OO,2014,3	378.89917,319.0,1709736
OO,2014,7	376.17206,316.68,1764958
UA,2013,4	389.20654,321.84,1806274
UA,2013,8	403.06537,327.5,1850564
UA,2014,10	415.38577,332.84,1893813
UA,2014,3	427.3267,338.24,1936226
UA,2014,7	439.849,344.0,1980048
US,2013,11	441.98978,346.15,2013557
US,2013,2	443.75305,348.08,2044668
US,2013,6	445.69916,350.0,2079483
US,2014,1	447.90887,352.3,2114152
US,2014,12	450.10678,354.53,2148267
US,2014,5	452.5893,356.53,2183504
US,2014,9	454.19305,358.4,2216474
VX,2013,11	454.36197,358.53,2221268
VX,2013,2	454.6754,358.67,2225024
VX,2013,6	455.06863,358.8,2230119
VX,2014,1	455.43158,358.9,2234919
VX,2014,12	455.8202,359.1,2239873
VX,2014,5	456.2421,359.34,2244838
VX,2014,9	456.60693,359.55,2249388
WN,2013,10	443.53156,348.48,2343588
WN,2013,3	430.93817,337.45,2442389
WN,2013,7	419.16797,326.7,2542209
WN,2014,11	409.8697,317.52,2637511
WN,2014,2	401.4344,309.55,2721689
WN,2014,6	392.03888,300.46,2823238
WN,2015,1	384.1348,296.38,2922791
YV,2013,1	383.73352,296.0,2933410
YV,2013,12	383.35718,295.68,2945279
YV,2013,5	382.94485,295.26,2957290
YV,2013,9	382.5822,294.95,2968901
