9E,2013,11	283.56253,261.96,22426
9E,2013,2	287.96616,267.81,43653
9E,2013,6	284.4744,265.08,69602
AA,2013,11	362.07474,311.1,112702
AA,2013,2	397.63385,345.6,153403
AA,2013,6	418.37912,370.7,198382
AA,2014,1	436.05185,391.0,243659
AA,2014,12	448.66858,406.0,288947
AA,2014,5	456.54092,415.8,334328
AA,2014,9	461.25952,421.2,377494
AS,2013,4	452.65823,413.1,390050
AS,2013,8	443.17276,403.65,404563
AS,2014,10	435.66882,396.0,417929
AS,2014,3	429.10864,389.15,430836
AS,2014,7	421.56625,381.0,445803
B6,2013,11	424.6561,384.75,465357
B6,2013,2	427.328,388.05,483081
B6,2013,6	430.14597,390.6,503642
B6,2014,1	433.40384,394.44,523770
B6,2014,12	436.6053,398.2,545672
B6,2014,5	439.11557,400.5,566760
B6,2014,9	440.70294,401.8,585794
DL,2013,11	451.25598,408.9,646746
DL,2013,2	461.11246,416.05,699361
DL,2013,6	470.10382,421.8,765092
DL,2014,1	478.4639,427.5,823836
DL,2014,12	486.45084,432.5,890036
DL,2014,5	491.86923,435.55,957600
DL,2014,9	495.90967,437.4,1024177
EV,2013,10	483.68475,424.0,1087533
EV,2013,3	472.63324,411.75,1152742
EV,2013,7	462.55753,400.5,1219064
EV,2014,11	456.16055,393.46,1270305
EV,2014,2	449.90524,387.0,1323400
EV,2014,6	443.57425,380.1,1382212
EV,2015,1	438.66388,375.2,1431801
F9,2013,1	437.6544,374.08,1437599
F9,2013,12	436.35364,372.9,1444100
F9,2013,5	435.023,371.7,1450671
F9,2013,9	433.67365,370.5,1457168
F9,2014,4	432.40652,369.46,1463134
F9,2014,8	430.75055,367.84,1471160
FL,2013,4	429.9903,367.38,1487032
FL,2013,8	429.34387,367.0,1501793
FL,2014,10	429.0535,366.72,1506453
FL,2014,3	428.682,366.52,1515755
FL,2014,7	428.41727,366.3,1522722
HA,2013,10	427.79193,365.66,1528704
HA,2013,3	427.18835,364.98,1534698
HA,2013,7	426.5266,364.21,1541341
HA,2014,11	425.99597,363.6,1547472
HA,2014,2	425.50473,362.92,1552886
HA,2014,6	424.94305,362.25,1559279
HA,2015,1	424.47626,361.58,1565713
MQ,2013,11	421.5538,358.6,1599363
MQ,2013,2	418.95612,356.2,1632826
MQ,2013,6	416.01953,353.28,1670258
MQ,2014,1	413.52216,351.08,1704465
MQ,2014,12	411.19766,348.8,1734563
MQ,2014,5	408.79883,346.32,1769132
MQ,2014,9	406.50626,344.24,1799990
NK,2015,1	406.8782,344.89,1808720
OO,2013,11	403.70428,341.94,1856114
OO,2013,2	400.61093,338.8,1903588
OO,2013,6	397.01593,335.38,1957671
OO,2014,1	394.36386,333.0,2007704
OO,2014,12	392.58667,331.2,2056667
OO,2014,5	389.54858,328.65,2108422
OO,2014,9	387.24808,326.6,2157315
UA,2013,11	397.38242,330.88,2197905
UA,2013,2	406.29987,334.88,2235951
UA,2013,6	417.0584,339.39,2279311
UA,2014,1	426.36926,343.44,2318465
UA,2014,12	435.95197,347.9,2358837
UA,2014,5	445.3772,352.42,2401026
UA,2014,9	453.74814,356.58,2441153
US,2013,4	455.08545,358.15,2475521
US,2013,8	456.4574,359.8,2510807
US,2014,10	457.7484,361.25,2546382
US,2014,3	459.61917,363.15,2582783
US,2014,7	461.39075,364.98,2618690
VX,2013,4	461.81784,365.12,2623239
VX,2013,8	462.09848,365.24,2628439
VX,2014,10	462.42444,365.4,2633158
VX,2014,3	462.72333,365.42,2637859
VX,2014,7	463.14246,365.7,2642934
WN,2013,1	452.4431,356.4,2731602
WN,2013,12	441.85815,347.13,2826028
WN,2013,5	431.5911,337.9,2924396
WN,2013,9	422.62094,329.63,3014022
WN,2014,4	413.85303,321.2,3112840
WN,2014,8	405.35645,313.04,3211830
YV,2013,10	404.79178,312.5,3224049
YV,2013,3	404.34552,312.09,3235415
YV,2013,7	403.78506,311.65,3248561
