9E,2013,12	289.78287,269.39,22181
9E,2013,3	287.08813,268.14,49142
9E,2013,7	284.47333,266.0,75854
AA,2013,12	365.96204,312.8,121497
AA,2013,3	401.67267,347.7,166994
AA,2013,7	420.72165,372.4,213893
AA,2014,2	435.6902,390.0,254809
AA,2014,6	445.87848,402.5,300352
AA,2015,1	456.64398,414.45,344323
AS,2013,1	448.0442,406.3,356303
AS,2013,10	439.19122,397.5,368909
AS,2013,5	430.7745,388.8,381952
AS,2013,9	422.99442,380.65,394559
AS,2014,11	416.3214,372.96,407590
AS,2014,4	410.1776,365.85,420232
AS,2014,8	402.96725,357.28998,435326
B6,2013,12	407.43283,363.0,456485
B6,2013,3	411.32654,368.3,477291
B6,2013,7	414.79306,372.0,499350
B6,2014,2	418.3099,376.26,517750
B6,2014,6	421.797,379.68,538910
B6,2015,1	425.71292,384.0,560489
DL,2013,12	440.13373,395.64,620838
DL,2013,3	453.14453,406.06,684469
DL,2013,7	463.66428,413.47,753075
DL,2014,2	471.60248,419.2,806901
DL,2014,6	479.52994,424.35,875931
DL,2015,1	487.65717,430.22,940013
EV,2013,11	476.20358,417.24,998376
EV,2013,4	464.833,404.2,1062177
EV,2013,8	454.3774,392.15,1127808
EV,2014,12	447.81882,385.0,1179574
EV,2014,3	440.3601,377.0,1241256
EV,2014,7	433.73456,369.9,1301948
F9,2013,2	432.74393,368.75,1307204
F9,2013,6	431.27576,367.4,1313760
F9,2014,1	429.95862,366.27,1319491
F9,2014,10	428.09702,364.56,1327689
F9,2014,5	426.4545,363.0,1334954
F9,2014,9	424.67673,361.53,1342802
FL,2013,1	423.94525,361.13,1358097
FL,2013,10	423.28735,360.58,1371230
FL,2013,5	422.60593,360.36,1386977
FL,2013,9	422.06134,359.7,1399481
FL,2014,11	421.863,359.6,1403431
FL,2014,4	421.5732,359.47,1411629
FL,2014,8	421.40433,359.19,1417924
HA,2013,11	420.85562,358.61,1423758
HA,2013,4	420.24887,357.87,1429541
HA,2013,8	419.5808,357.12,1435943
HA,2014,12	419.01733,356.4,1442358
HA,2014,3	418.37915,355.6,1448428
HA,2014,7	417.78162,354.96,1455228
MQ,2013,12	414.95255,352.24,1489247
MQ,2013,3	412.07217,349.65,1525954
MQ,2013,7	408.9124,346.62,1564794
MQ,2014,2	406.8194,344.86,1595555
MQ,2014,6	404.29294,342.35,1628680
MQ,2015,1	402.0499,340.48,1658315
OO,2013,12	398.66666,337.35,1707809
OO,2013,3	394.8498,333.6,1763166
OO,2013,7	391.44537,330.05,1818975
OO,2014,2	388.78864,327.86,1864158
OO,2014,6	386.01727,325.38,1917032
OO,2015,1	384.0048,323.79,1964769
UA,2013,12	396.07944,328.56,2006098
UA,2013,3	407.6256,333.6,2050040
UA,2013,7	419.68604,338.85,2094624
UA,2014,2	428.74948,343.0,2130915
UA,2014,6	439.69382,348.0,2173604
UA,2015,1	448.75137,352.5,2211928
US,2013,1	450.3632,354.33,2245398
US,2013,10	451.8214,356.16,2280605
US,2013,5	453.42868,357.75,2315942
US,2013,9	454.76898,359.1,2348420
US,2014,11	456.4074,360.96,2381559
US,2014,4	458.3387,362.73,2416115
US,2014,8	460.3361,364.5,2450921
VX,2013,1	460.66083,364.56,2455149
VX,2013,10	460.97202,364.72,2460080
VX,2013,5	461.26495,364.87,2465199
VX,2013,9	461.49146,365.0,2469951
VX,2014,11	461.80637,365.19,2474668
VX,2014,4	462.1377,365.31,2479519
VX,2014,8	462.5272,365.49,2484407
WN,2013,2	451.97757,356.4,2567066
WN,2013,6	440.14954,346.32,2663983
WN,2014,1	430.5079,337.46,2754797
WN,2014,10	420.45032,328.1,2853839
WN,2014,5	410.94113,319.2,2954020
WN,2014,9	402.919,311.06,3048395
YV,2013,11	402.61697,310.62,3060014
YV,2013,4	402.1445,310.2,3071226
YV,2013,8	401.56787,309.7,3084185
