9E,2013,1	292.59454,273.92,23564
9E,2013,10	285.8189,266.56,48389
9E,2013,5	283.4536,264.96,74032
9E,2013,9	281.87042,263.12,97225
AA,2013,1	349.9086,300.33,141972
AA,2013,10	382.15698,329.46,187089
AA,2013,5	403.72726,352.8,232501
AA,2013,9	416.44406,368.5,275445
AA,2014,11	428.9039,382.5,317886
AA,2014,4	438.75717,394.0,361276
AA,2014,8	446.0908,403.0,407195
AS,2013,12	438.83463,395.85,419702
AS,2013,3	431.8146,388.75,432367
AS,2013,7	423.80347,380.8,447080
AS,2014,2	418.61407,375.25,458367
AS,2014,6	412.2511,368.4,472519
AS,2015,1	407.28412,362.7,485732
B6,2013,1	410.74432,367.2,504965
B6,2013,10	413.4758,369.75,524334
B6,2013,5	416.48532,372.75,544553
B6,2013,9	418.71603,375.0,563085
B6,2014,11	421.61127,378.0,583104
B6,2014,4	424.72864,381.92,604038
B6,2014,8	427.52063,384.42,626338
DL,2013,1	440.18936,395.2,683204
DL,2013,10	449.75558,401.98,748319
DL,2013,5	458.56186,408.26,811997
DL,2013,9	465.0231,412.615,873770
DL,2014,11	471.47534,416.56,940409
DL,2014,4	477.76202,420.82,1005623
DL,2014,8	484.41324,425.5,1077894
EV,2013,2	475.06705,415.09,1131600
EV,2013,6	464.78857,403.2,1197005
EV,2014,1	457.18726,395.16,1255165
EV,2014,10	450.28384,387.6,1311309
EV,2014,5	443.96692,380.9,1370348
EV,2014,9	438.1471,375.06,1424826
F9,2013,11	436.96384,373.92,1431151
F9,2013,4	435.7724,372.75,1437027
F9,2013,8	434.40344,371.48,1443941
F9,2014,12	432.82462,370.0,1451732
F9,2014,3	431.52777,368.9,1457766
F9,2014,7	429.86078,367.36,1465787
FL,2013,12	429.21014,366.86,1477475
FL,2013,3	428.42007,366.52,1494317
FL,2013,7	427.73807,366.08,1510538
FL,2014,2	427.37277,365.85,1518753
FL,2014,6	427.11694,365.76,1525647
HA,2013,2	426.57352,365.15,1531072
HA,2013,6	425.9299,364.42,1537388
HA,2014,1	425.3759,363.75,1543396
HA,2014,10	424.80307,362.97,1549719
HA,2014,5	424.2544,362.26,1555937
HA,2014,9	423.74567,361.62,1562108
MQ,2013,1	420.76227,358.72,1599607
MQ,2013,10	417.64948,355.5,1636377
MQ,2013,5	414.70724,352.8,1674426
MQ,2013,9	411.8399,350.14,1709802
MQ,2014,11	409.6313,348.0,1738685
MQ,2014,4	407.47836,345.68,1772393
MQ,2014,8	405.10397,343.5,1805280
OO,2013,1	401.48666,340.13,1856640
OO,2013,10	398.26038,336.96,1907616
OO,2013,5	394.76987,333.71,1961240
OO,2013,9	391.88483,331.0,2010599
OO,2014,11	390.10443,328.9,2057819
OO,2014,4	387.22467,326.63,2108383
OO,2014,8	384.66846,324.45,2163466
UA,2013,1	394.5856,328.65,2203780
UA,2013,10	404.9475,333.0,2246956
UA,2013,5	415.25418,337.56,2289843
UA,2013,9	424.43942,341.7,2330400
UA,2014,11	433.41043,345.79,2370144
UA,2014,4	442.30017,350.0,2409544
UA,2014,8	451.60284,354.6,2452225
US,2013,12	453.16742,356.4,2486274
US,2013,3	454.63345,358.05,2522430
US,2013,7	456.09866,359.7,2558228
US,2014,2	457.66837,361.2,2589767
US,2014,6	459.44034,362.94,2624648
US,2015,1	461.3029,364.8,2658072
VX,2013,12	461.56323,364.9,2663076
VX,2013,3	461.87424,365.04,2667375
VX,2013,7	462.2079,365.2,2672690
VX,2014,2	462.4765,365.33,2676910
VX,2014,6	462.8765,365.49,2681860
VX,2015,1	463.27493,365.7,2686586
WN,2013,11	452.84158,356.43,2775671
WN,2013,4	441.97488,347.06,2872575
WN,2013,8	431.88266,338.1,2968737
WN,2014,12	422.7513,329.4,3069227
WN,2014,3	413.68433,320.96,3170351
WN,2014,7	405.3463,312.55,3275371
YV,2013,2	404.47867,312.28,3285046
YV,2013,6	403.92752,311.88,3297157
