9E,2013,4	282.19122,265.24,26047
9E,2013,8	281.0325,263.25,53063
AA,2013,4	376.2601,322.3,97191
AA,2013,8	412.37924,362.9,143892
AA,2014,10	432.93124,387.45,188882
AA,2014,3	448.19592,406.0,235023
AA,2014,7	457.5082,416.4,282202
AS,2013,11	446.75558,406.4,294509
AS,2013,2	437.9685,398.04,305393
AS,2013,6	427.1103,386.75,319354
AS,2014,1	419.25757,378.0,331667
AS,2014,12	411.23978,368.9,345220
AS,2014,5	403.7065,360.0,358417
AS,2014,9	396.62192,351.45,371677
B6,2013,4	401.8525,358.05,391660
B6,2013,8	406.57693,362.97,413607
B6,2014,10	410.67477,367.2,433685
B6,2014,3	415.37082,372.9,455125
B6,2014,7	419.41766,377.15,477637
DL,2013,4	436.87994,392.0,539611
DL,2013,8	451.4344,403.0,608482
DL,2014,10	462.32498,410.4,678792
DL,2014,3	472.5276,417.45,745566
DL,2014,7	481.92764,424.0,817651
EV,2013,1	469.1474,409.34,875039
EV,2013,12	458.21268,396.9,933279
EV,2013,5	447.08252,384.2,997455
EV,2013,9	437.6599,373.92,1058271
EV,2014,4	430.57822,366.52,1115456
EV,2014,8	423.9351,359.8,1174104
F9,2013,10	422.4058,358.4,1180608
F9,2013,3	421.04816,357.0,1186497
F9,2013,7	419.42715,355.35,1193298
F9,2014,11	417.55176,353.76,1201020
F9,2014,2	416.32098,352.63,1206205
F9,2014,6	414.5462,351.0,1213738
F9,2015,1	412.97137,349.6,1220562
FL,2013,11	412.43298,349.32,1232229
FL,2013,2	411.8978,349.2,1246275
FL,2013,6	411.28845,349.02,1261955
FL,2014,1	410.96725,348.84,1271317
FL,2014,12	410.85492,348.75,1274255
FL,2014,5	410.61475,348.7,1281949
FL,2014,9	410.46765,348.6,1286801
HA,2013,1	409.76437,347.82,1292780
HA,2013,12	409.12173,347.1,1298808
HA,2013,5	408.44757,346.32,1304830
HA,2013,9	407.8147,345.6,1310658
HA,2014,4	407.19995,344.72,1316561
HA,2014,8	406.6249,343.98,1323364
MQ,2013,4	403.40417,341.01,1360403
MQ,2013,8	400.0991,338.0,1398812
MQ,2014,10	397.45227,335.35,1430432
MQ,2014,3	394.80515,333.2,1464833
MQ,2014,7	392.22675,331.1,1498497
OO,2013,4	388.29593,327.25,1551315
OO,2013,8	384.52887,323.68,1606415
OO,2014,10	381.6412,321.16,1657221
OO,2014,3	378.89917,319.0,1709736
OO,2014,7	376.17206,316.68,1764958
UA,2013,4	389.20654,321.84,1806274
UA,2013,8	403.06537,327.5,1850564
UA,2014,10	415.38577,332.84,1893813
UA,2014,3	427.3267,338.24,1936226
UA,2014,7	439.849,344.0,1980048
US,2013,11	441.98978,346.15,2013557
US,2013,2	443.75305,348.08,2044668
US,2013,6	445.69916,350.0,2079483
US,2014,1	447.90887,352.3,2114152
US,2014,12	450.10678,354.53,2148267
US,2014,5	452.5893,356.53,2183504
US,2014,9	454.19305,358.4,2216474
VX,2013,11	454.36197,358.53,2221268
VX,2013,2	454.6754,358.67,2225024
VX,2013,6	455.06863,358.8,2230119
VX,2014,1	455.43158,358.9,2234919
VX,2014,12	455.8202,359.1,2239873
VX,2014,5	456.2421,359.34,2244838
VX,2014,9	456.60693,359.55,2249388
WN,2013,10	443.53156,348.48,2343588
WN,2013,3	430.93817,337.45,2442389
WN,2013,7	419.16797,326.7,2542209
WN,2014,11	409.8697,317.52,2637511
WN,2014,2	401.4344,309.55,2721689
WN,2014,6	392.03888,300.46,2823238
WN,2015,1	384.1348,296.38,2922791
YV,2013,1	383.73352,296.0,2933410
YV,2013,12	383.35718,295.68,2945279
YV,2013,5	382.94485,295.26,2957290
YV,2013,9	382.5822,294.95,2968901
