AA	1	513.6958373073627	1115470
AA	2	505.03516436526985	1115470
AA	3	503.91409775421454	1115470
AA	4	500.782881464386	1115470
AA	5	499.6450058925237	1115470
AA	6	496.05853980247986	1115470
AA	7	496.25251344628475	1115470
AA	8	495.62798693587166	1115470
AA	9	491.53576913250976	1115470
AA	10	491.1370030075446	1115470
AA	11	498.47959878887866	1115470
AA	12	508.945236607978	1115470
AS	1	215.9325123980175	327324
AS	2	206.4173496910373	327324
AS	3	207.89552518379497	327324
AS	4	203.32404873402618	327324
AS	5	199.85576867377895	327324
AS	6	198.14683633906088	327324
AS	7	196.45965498652362	327324
AS	8	195.39104637416747	327324
AS	9	196.32712838752136	327324
AS	10	199.18692746034037	327324
AS	11	207.39287986423525	327324
AS	12	208.8951711435155	327324
B6	1	512.7123685592395	511720
B6	2	505.4246860812792	511720
B6	3	503.78995597216414	511720
B6	4	505.64458562456207	511720
B6	5	499.3914917568453	511720
B6	6	501.70967282663116	511720
B6	7	495.67418792488405	511720
B6	8	496.6299138924701	511720
B6	9	486.20509796092216	511720
B6	10	489.94528861510395	511720
B6	11	499.1463502893431	511720
B6	12	506.3556517498409	511720
DL	1	589.009044309145	1609477
DL	2	582.6635580274576	1609477
DL	3	578.1361213910577	1609477
DL	4	570.468205884202	1609477
DL	5	563.3473701254251	1609477
DL	6	568.8243269195198	1609477
DL	7	574.064454655944	1609477
DL	8	571.258045727003	1609477
DL	9	551.8772673938361	1609477
DL	10	553.4712649806136	1609477
DL	11	554.2022003119317	1609477
DL	12	580.1084477159029	1609477
EV	1	297.9500953753522	1472944
EV	2	294.89714731135524	1472944
EV	3	294.08377883380075	1472944
EV	4	292.85595391202014	1472944
EV	5	292.55571691758325	1472944
EV	6	291.67585386863345	1472944
EV	7	292.35510959422413	1472944
EV	8	290.30073334996257	1472944
EV	9	289.5936262945163	1472944
EV	10	291.4580225941406	1472944
EV	11	296.58910559833606	1472944
EV	12	298.1950819955293	1472944
F9	1	135.73755734757202	167632
F9	2	136.89754621204898	167632
F9	3	135.26023232407897	167632
F9	4	134.86578027360247	167632
F9	5	136.3018755420642	167632
F9	6	136.35096174320415	167632
F9	7	134.68468830117413	167632
F9	8	136.0532195448468	167632
F9	9	133.39394492854694	167632
F9	10	134.32082097673774	167632
F9	11	134.50967964689926	167632
F9	12	136.27908410299486	167632
HA	1	283.33652787579365	153319
HA	2	276.3872165328904	153319
HA	3	274.08282078912475	153319
HA	4	267.9581088481934	153319
HA	5	273.7203799019605	153319
HA	6	275.5691683059257	153319
HA	7	282.76541173845175	153319
HA	8	282.65953426732233	153319
HA	9	279.2289799149924	153319
HA	10	274.8319073547338	153319
HA	11	279.6071684078551	153319
HA	12	285.73064373543383	153319
MQ	1	294.3733314255831	855669
MQ	2	297.53266208893666	855669
MQ	3	293.4098531810777	855669
MQ	4	286.39406321116144	855669
MQ	5	283.6394859401258	855669
MQ	6	282.7806516716972	855669
MQ	7	283.55986759351333	855669
MQ	8	282.32185480251184	855669
MQ	9	280.4813130718325	855669
MQ	10	278.27697762830667	855669
MQ	11	282.13563382534016	855669
MQ	12	287.9211006441328	855669
NK	1	487.50814891179687	8730
NK	2	0.0	8730
NK	3	0.0	8730
NK	4	0.0	8730
NK	5	0.0	8730
NK	6	0.0	8730
NK	7	0.0	8730
NK	8	0.0	8730
NK	9	0.0	8730
NK	10	0.0	8730
NK	11	0.0	8730
NK	12	0.0	8730
OO	1	291.98958552940536	1279696
OO	2	283.50648747531665	1279696
OO	3	284.4915119771559	1279696
OO	4	281.3750071579166	1279696
OO	5	280.27092029721626	1279696
OO	6	280.93230429050766	1279696
OO	7	283.0675749115146	1279696
OO	8	282.5136859588136	1279696
OO	9	283.6133546390915	1279696
OO	10	284.1165775873912	1279696
OO	11	289.84975511023924	1279696
OO	12	292.8546547223649	1279696
UA	1	953.6062923628144	1034846
UA	2	933.1583262709079	1034846
UA	3	948.6000291818657	1034846
UA	4	960.9706755785782	1034846
UA	5	959.0428368752706	1034846
UA	6	977.2249760020457	1034846
UA	7	981.099722756372	1034846
UA	8	972.7206153775369	1034846
UA	9	943.5187284963577	1034846
UA	10	938.1453434770103	1034846
UA	11	946.6285562775429	1034846
UA	12	971.2059381158222	1034846
US	1	581.5639513405525	858803
US	2	568.5524499600937	858803
US	3	577.3770368124394	858803
US	4	567.1035974406557	858803
US	5	573.976361691277	858803
US	6	579.8884069387025	858803
US	7	578.7700154800968	858803
US	8	575.5207328939138	858803
US	9	555.6638485515238	858803
US	10	557.4304971602908	858803
US	11	567.3927015064218	858803
US	12	577.3135058095118	858803
VX	1	644.9145354078765	119158
VX	2	635.0623445336026	119158
VX	3	639.1306366666672	119158
VX	4	654.8661095744669	119158
VX	5	640.6407893693012	119158
VX	6	648.734663016425	119158
VX	7	651.02365736285	119158
VX	8	640.6943100713704	119158
VX	9	621.3056740485929	119158
VX	10	622.4775616580308	119158
VX	11	624.466408369257	119158
VX	12	628.2874522996598	119158
WN	1	145.04285949791	2395072
WN	2	138.69999760245125	2395072
WN	3	139.5898934600484	2395072
WN	4	138.0367058889659	2395072
WN	5	137.2578693420805	2395072
WN	6	139.2599946590353	2395072
WN	7	139.84890182581688	2395072
WN	8	137.4179680454201	2395072
WN	9	135.51920071086417	2395072
WN	10	137.82676850788087	2395072
WN	11	142.0418101601514	2395072
WN	12	142.19297440949015	2395072
